Alpha:0.0001  Error:[ 14.80282636]  Weights[[-1.01967602]
 [ 0.89389622]
 [ 0.32083423]
 [ 2.19409206]
 [-1.53435108]
 [-0.89672073]]
Alpha:0.0007  Error:[ 23.19474558]  Weights[[-4.33874454]
 [-0.58461435]
 [ 3.62419045]
 [ 7.91864921]
 [-4.68699693]
 [-3.28017816]]
Alpha:0.001  Error:[ 22.97661779]  Weights[[ -6.9633138 ]
 [ -1.63563097]
 [  6.25848504]
 [ 11.37457476]
 [ -6.65337947]
 [ -4.87367528]]
Alpha:0.002  Error:[ 24.76896455]  Weights[[-14.57998708]
 [ -2.24508566]
 [ 11.6002634 ]
 [ 22.79149675]
 [-13.51148961]
 [ -9.5675599 ]]
Alpha:0.005  Error:[ 21.66798364]  Weights[[-38.71188737]
 [ -2.83834646]
 [ 29.35209375]
 [ 57.02200507]
 [-36.53202625]
 [-26.27721307]]
Alpha:0.007  Error:[ 19.83743984]  Weights[[-53.89232021]
 [ -1.07266342]
 [ 41.15552626]
 [ 79.70799274]
 [-51.28996238]
 [-36.60308514]]
Alpha:0.01  Error:[ 30.98391202]  Weights[[ -75.5458905 ]
 [  -1.93303918]
 [  59.57601588]
 [ 116.06587481]
 [ -70.25591864]
 [ -48.95866774]]
Alpha:0.02  Error:[ 27.98742849]  Weights[[-151.83798864]
 [  -4.99779555]
 [ 115.37371593]
 [ 233.59611335]
 [-149.30897966]
 [-109.00731945]]
Alpha:0.05  Error:[ 29.88019764]  Weights[[-375.31890708]
 [ -13.36948481]
 [ 290.61480045]
 [ 580.03364279]
 [-350.98732254]
 [-245.22491641]]
Alpha:0.1  Error:[ 34.99999978]  Weights[[ -748.52436547]
 [  -40.6204374 ]
 [  570.04137579]
 [ 1150.39655052]
 [ -729.34350664]
 [ -541.75278434]]
Alpha:0.2  Error:[ 24.]  Weights[[-1503.60678433]
 [  -69.01580535]
 [ 1153.66552629]
 [ 2305.87876693]
 [-1469.71881427]
 [-1058.70531544]]
Alpha:0.5  Error:[ 20.]  Weights[[-3738.9451298 ]
 [ -218.48329087]
 [ 2868.45817798]
 [ 5699.09409304]
 [-3623.68623343]
 [-2612.04208754]]
Alpha:0.7  Error:[ 28.]  Weights[[-5230.75630825]
 [ -280.14605611]
 [ 4028.84224309]
 [ 8005.82857897]
 [-4991.94994965]
 [-3541.57502711]]
Alpha:0.9  Error:[ 31.]  Weights[[ -6719.38963247]
 [  -329.36919259]
 [  5186.74587098]
 [ 10151.43391635]
 [ -6461.99444313]
 [ -4814.38511595]]
